2 0.489844 0.543750 0.173437 0.328125
2 0.365625 0.327344 0.193750 0.273438
2 0.830469 0.409375 0.204687 0.262500
2 0.681250 0.680469 0.209375 0.292187
2 0.387500 0.816406 0.190625 0.332813
2 0.219531 0.511719 0.173437 0.214062
2 0.221094 0.781250 0.132812 0.265625
2 0.084375 0.711719 0.137500 0.248438
2 0.067969 0.349219 0.132812 0.251563
2 0.548438 0.215625 0.190625 0.281250
2 0.804688 0.207813 0.159375 0.143750
2 0.882812 0.655469 0.165625 0.229687
2 0.813281 0.879687 0.217188 0.237500
2 0.580469 0.907031 0.204687 0.185938
2 0.642969 0.438281 0.142187 0.185938
