0 0.172656 0.827344 0.223438 0.295312
0 0.371875 0.425000 0.134375 0.128125
0 0.506250 0.446875 0.153125 0.137500
0 0.618750 0.310937 0.118750 0.125000
0 0.560156 0.217188 0.082812 0.106250
0 0.655469 0.100781 0.085938 0.095312
0 0.766406 0.857031 0.189062 0.189062
0 0.923438 0.843750 0.137500 0.162500
0 0.923438 0.702344 0.137500 0.120313
0 0.344531 0.933594 0.204687 0.129688
0 0.817187 0.343750 0.128125 0.118750
0 0.424219 0.567187 0.148438 0.125000
0 0.276562 0.506250 0.118750 0.140625
0 0.064844 0.268750 0.126562 0.231250
0 0.375000 0.165625 0.100000 0.090625
