1 0.464062 0.434375 0.184375 0.100000
1 0.629687 0.454688 0.165625 0.112500
1 0.770312 0.460938 0.137500 0.093750
1 0.403906 0.499219 0.182812 0.104688
1 0.536719 0.571094 0.192188 0.110937
1 0.819531 0.762500 0.214062 0.131250
1 0.241406 0.048438 0.260937 0.090625
1 0.298438 0.151562 0.171875 0.115625
1 0.510156 0.116406 0.157812 0.104688
1 0.641406 0.082031 0.145313 0.082812
1 0.076563 0.614844 0.140625 0.076563
1 0.204687 0.644531 0.084375 0.057813
1 0.288281 0.676562 0.076563 0.053125
1 0.701562 0.558594 0.131250 0.095312
1 0.472656 0.323437 0.120313 0.068750
