2 0.494531 0.346094 0.073438 0.120313
2 0.593750 0.290625 0.068750 0.093750
2 0.421875 0.301563 0.075000 0.084375
2 0.334375 0.259375 0.081250 0.106250
2 0.248438 0.272656 0.078125 0.092188
2 0.204687 0.341406 0.090625 0.092188
2 0.269531 0.355469 0.057813 0.076563
2 0.336719 0.360156 0.076563 0.092188
2 0.428906 0.424219 0.060937 0.085938
2 0.459375 0.537500 0.071875 0.112500
2 0.522656 0.539062 0.054688 0.075000
2 0.617188 0.494531 0.062500 0.089063
2 0.307031 0.621094 0.073438 0.126562
2 0.265625 0.480469 0.065625 0.114062
2 0.239063 0.657031 0.068750 0.085938
2 0.275000 0.728125 0.093750 0.090625
2 0.350000 0.768750 0.087500 0.078125
2 0.420312 0.829688 0.068750 0.084375
2 0.421875 0.714063 0.068750 0.096875
2 0.342969 0.541406 0.067187 0.085938
