1 0.109375 0.141406 0.103125 0.076563
1 0.442188 0.104688 0.131250 0.090625
1 0.339062 0.335156 0.121875 0.082812
1 0.460156 0.335156 0.107813 0.076563
1 0.795312 0.373437 0.146875 0.096875
1 0.692969 0.403125 0.126562 0.087500
1 0.692969 0.569531 0.145313 0.104688
1 0.297656 0.859375 0.135937 0.096875
1 0.806250 0.767188 0.159375 0.109375
1 0.549219 0.906250 0.135937 0.090625
1 0.661719 0.227344 0.126562 0.085938
1 0.425781 0.404687 0.126562 0.075000
1 0.333594 0.575781 0.123438 0.079687
1 0.452344 0.184375 0.126562 0.068750
