1 0.092969 0.190625 0.182812 0.112500
1 0.275000 0.224219 0.184375 0.151562
1 0.151562 0.312500 0.209375 0.143750
1 0.142187 0.503125 0.228125 0.162500
1 0.347656 0.555469 0.214062 0.135937
1 0.480469 0.484375 0.198437 0.128125
1 0.695312 0.480469 0.221875 0.139063
1 0.875000 0.571875 0.200000 0.146875
1 0.704688 0.631250 0.246875 0.168750
1 0.859375 0.767969 0.253125 0.160938
1 0.478906 0.774219 0.260937 0.179688
1 0.537500 0.063281 0.190625 0.123438
1 0.710938 0.113281 0.156250 0.110937
1 0.566406 0.275000 0.182812 0.103125
1 0.736719 0.342187 0.220312 0.131250
