1 0.217188 0.163281 0.193750 0.126562
1 0.382812 0.079687 0.109375 0.087500
1 0.457813 0.035937 0.096875 0.068750
1 0.677344 0.064062 0.114062 0.078125
1 0.737500 0.292969 0.162500 0.107813
1 0.936719 0.271094 0.126562 0.110937
1 0.582031 0.315625 0.154688 0.106250
1 0.480469 0.278125 0.120313 0.093750
1 0.289062 0.320312 0.181250 0.106250
1 0.300781 0.425781 0.167187 0.107813
1 0.417187 0.423438 0.100000 0.081250
1 0.760156 0.487500 0.176563 0.100000
1 0.237500 0.586719 0.168750 0.110937
1 0.114062 0.701562 0.153125 0.087500
1 0.282031 0.841406 0.142187 0.095312
1 0.707812 0.851562 0.159375 0.112500
1 0.937500 0.487500 0.118750 0.090625
1 0.553906 0.848437 0.145313 0.109375
1 0.195312 0.928125 0.128125 0.081250
